sample	MCIC_FC_2024_111	MCIC_FD_2024_105	MCIC_FD_2024_204	MCIC_MD_2024_109	MCIC_MD_2024_113	MCIC_MD_2024_116
MCIC_FC_2024_111	0	119.503104911238	79.3195916018947	118.288729067459	62.6405308795764	52.0982722649236
MCIC_FD_2024_105	119.503104911238	0	156.720263972247	46.3830844638627	139.368569525686	141.397053814856
MCIC_FD_2024_204	79.3195916018947	156.720263972247	0	154.044254974456	70.8735095894426	62.8232945011814
MCIC_MD_2024_109	118.288729067459	46.3830844638627	154.044254974456	0	137.426919454839	139.904290983315
MCIC_MD_2024_113	62.6405308795764	139.368569525686	70.8735095894426	137.426919454839	0	53.237369424653
MCIC_MD_2024_116	52.0982722649236	141.397053814856	62.8232945011814	139.904290983315	53.237369424653	0
